Config:
  leader_file: ${oc.env:ROOT}/data/test.csv
  run_id: 0
  output_path: ${oc.env:ROOT}/sumo-xml/output
  sumo_gui: false
CFParameters:
  tau: 0.8964005862125797
  acceleration: 4.933928759835865
  deceleration: 6.164480212326286
  speedFactor: 0.3928227344285
  SpeedMode: 31
  rmsn: 0.01325369724313756
  rmspe: 0.04277860970530265
  mpe: 0.023988851233305023
SUMOParameters:
  step: 0.1
  delay: 3
