Config:
  leader_file: ${oc.env:ROOT}/data/test.csv
  run_id: 104
  output_path: ${oc.env:ROOT}/sumo-xml/output
  sumo_gui: false
CFParameters:
  tau: 1.1313205254189795
  acceleration: 3.1189553068555456
  deceleration: 4.954830542460196
  speedFactor: 0.3475563165893751
  SpeedMode: 31
  rmsn: 0.004600530085333491
  rmspe: 0.010996032330534412
  mpe: 0.0012392058958635521
SUMOParameters:
  step: 0.1
  delay: 3
