Config:
  leader_file: ${oc.env:ROOT}/data/test.csv
  run_id: 110
  output_path: ${oc.env:ROOT}/sumo-xml/output
  sumo_gui: false
CFParameters:
  tau: 0.934969515589278
  acceleration: 3.664782067011168
  deceleration: 4.63304513355301
  speedFactor: 1.4635230274625355
  SpeedMode: 31
  rmsn: 0.007262960076518305
  rmspe: 0.022863076169640638
  mpe: 0.012776792360626251
SUMOParameters:
  step: 0.1
  delay: 3
