Config:
  leader_file: ${oc.env:ROOT}/data/test.csv
  run_id: 123
  output_path: ${oc.env:ROOT}/sumo-xml/output
  sumo_gui: false
CFParameters:
  tau: 1.0386883448226896
  acceleration: 4.383006557194051
  deceleration: 4.63304513355301
  speedFactor: 1.4742428979671252
  SpeedMode: 31
  rmsn: 0.006606409770155326
  rmspe: 0.02903263201297634
  mpe: 0.012165477743894749
SUMOParameters:
  step: 0.1
  delay: 3
