Config:
  leader_file: ${oc.env:ROOT}/data/test.csv
  run_id: 129
  output_path: ${oc.env:ROOT}/sumo-xml/output
  sumo_gui: false
CFParameters:
  tau: 1.1313205254189795
  acceleration: 3.1189553068555456
  deceleration: 4.021926549358041
  speedFactor: 1.0091880922704812
  SpeedMode: 31
  rmsn: 0.012953889752480668
  rmspe: 0.01614508497555245
  mpe: -0.00752213051198372
SUMOParameters:
  step: 0.1
  delay: 3
