Config:
  leader_file: ${oc.env:ROOT}/data/test.csv
  run_id: 133
  output_path: ${oc.env:ROOT}/sumo-xml/output
  sumo_gui: false
CFParameters:
  tau: 0.934969515589278
  acceleration: 2.9619202077925904
  deceleration: 4.63304513355301
  speedFactor: 1.4635230274625355
  SpeedMode: 31
  rmsn: 0.004663438919556811
  rmspe: 0.010615339738812884
  mpe: 0.006959777428478886
SUMOParameters:
  step: 0.1
  delay: 3
