Config:
  leader_file: ${oc.env:ROOT}/data/test.csv
  run_id: 142
  output_path: ${oc.env:ROOT}/sumo-xml/output
  sumo_gui: false
CFParameters:
  tau: 0.934969515589278
  acceleration: 3.1189553068555456
  deceleration: 5.098448339141188
  speedFactor: 1.869592265876244
  SpeedMode: 31
  rmsn: 0.0061166315646898764
  rmspe: 0.014599776010296245
  mpe: 0.00933288774837134
SUMOParameters:
  step: 0.1
  delay: 3
