Config:
  leader_file: ${oc.env:ROOT}/data/test.csv
  run_id: 146
  output_path: ${oc.env:ROOT}/sumo-xml/output
  sumo_gui: false
CFParameters:
  tau: 1.1313205254189795
  acceleration: 3.4716908831808215
  deceleration: 5.098448339141188
  speedFactor: 1.4635230274625355
  SpeedMode: 31
  rmsn: 0.005130778037328078
  rmspe: 0.016551657504523615
  mpe: 0.003992788371717564
SUMOParameters:
  step: 0.1
  delay: 3
