Config:
  leader_file: ${oc.env:ROOT}/data/test.csv
  run_id: 157
  output_path: ${oc.env:ROOT}/sumo-xml/output
  sumo_gui: false
CFParameters:
  tau: 1.1313205254189795
  acceleration: 3.1189553068555456
  deceleration: 6.952583236092045
  speedFactor: 1.3829709886766508
  SpeedMode: 31
  rmsn: 0.003785464197838781
  rmspe: 0.011915289465338272
  mpe: 0.0034849907830955744
SUMOParameters:
  step: 0.1
  delay: 3
