Config:
  leader_file: ${oc.env:ROOT}/data/test.csv
  run_id: 158
  output_path: ${oc.env:ROOT}/sumo-xml/output
  sumo_gui: false
CFParameters:
  tau: 1.1234258076644443
  acceleration: 3.1189553068555456
  deceleration: 5.739423127165805
  speedFactor: 1.0091880922704812
  SpeedMode: 31
  rmsn: 0.0038736673872116017
  rmspe: 0.011341633954830508
  mpe: 0.002609171768549035
SUMOParameters:
  step: 0.1
  delay: 3
