Config:
  leader_file: ${oc.env:ROOT}/data/test.csv
  run_id: 159
  output_path: ${oc.env:ROOT}/sumo-xml/output
  sumo_gui: false
CFParameters:
  tau: 1.1313205254189795
  acceleration: 3.1189553068555456
  deceleration: 5.098448339141188
  speedFactor: 1.3001897087446683
  SpeedMode: 31
  rmsn: 0.0044747240000457145
  rmspe: 0.011043909150431321
  mpe: 0.0014518072356318138
SUMOParameters:
  step: 0.1
  delay: 3
