Config:
  leader_file: ${oc.env:ROOT}/data/test.csv
  run_id: 163
  output_path: ${oc.env:ROOT}/sumo-xml/output
  sumo_gui: false
CFParameters:
  tau: 1.1313205254189795
  acceleration: 3.1189553068555456
  deceleration: 5.739423127165805
  speedFactor: 1.0091880922704812
  SpeedMode: 31
  rmsn: 0.0040699959333781194
  rmspe: 0.011316762924933181
  mpe: 0.002286322757938191
SUMOParameters:
  step: 0.1
  delay: 3
