Config:
  leader_file: ${oc.env:ROOT}/data/test.csv
  run_id: 166
  output_path: ${oc.env:ROOT}/sumo-xml/output
  sumo_gui: false
CFParameters:
  tau: 1.1313205254189795
  acceleration: 4.3709580777153345
  deceleration: 5.098448339141188
  speedFactor: 0.5262340627196569
  SpeedMode: 31
  rmsn: 0.25152950242278455
  rmspe: 0.2525936572689421
  mpe: -0.22207687460492836
SUMOParameters:
  step: 0.1
  delay: 3
