Config:
  leader_file: ${oc.env:ROOT}/data/test.csv
  run_id: 172
  output_path: ${oc.env:ROOT}/sumo-xml/output
  sumo_gui: false
CFParameters:
  tau: 0.5086323344466469
  acceleration: 2.2568085107439937
  deceleration: 3.958340189720464
  speedFactor: 1.4742428979671252
  SpeedMode: 31
  rmsn: 0.009551862684536453
  rmspe: 0.012515583659104141
  mpe: 0.0023450077074295985
SUMOParameters:
  step: 0.1
  delay: 3
