Config:
  leader_file: ${oc.env:ROOT}/data/test.csv
  run_id: 176
  output_path: ${oc.env:ROOT}/sumo-xml/output
  sumo_gui: false
CFParameters:
  tau: 1.1313205254189795
  acceleration: 4.406359528871473
  deceleration: 6.952583236092045
  speedFactor: 1.3001897087446683
  SpeedMode: 31
  rmsn: 0.006978787575184927
  rmspe: 0.029984227312881674
  mpe: 0.011104089843617921
SUMOParameters:
  step: 0.1
  delay: 3
