Config:
  leader_file: ${oc.env:ROOT}/data/test.csv
  run_id: 180
  output_path: ${oc.env:ROOT}/sumo-xml/output
  sumo_gui: false
CFParameters:
  tau: 1.0386883448226896
  acceleration: 2.2568085107439937
  deceleration: 5.697880285954887
  speedFactor: 1.4742428979671252
  SpeedMode: 31
  rmsn: 0.0032762939829238604
  rmspe: 0.010188417089984924
  mpe: -0.005000148156049453
SUMOParameters:
  step: 0.1
  delay: 3
