Config:
  leader_file: ${oc.env:ROOT}/data/test.csv
  run_id: 181
  output_path: ${oc.env:ROOT}/sumo-xml/output
  sumo_gui: false
CFParameters:
  tau: 1.1234258076644443
  acceleration: 2.9619202077925904
  deceleration: 2.7562756830338073
  speedFactor: 1.4635230274625355
  SpeedMode: 31
  rmsn: 0.04757634046531941
  rmspe: 0.05568154942747577
  mpe: -0.04194824326855175
SUMOParameters:
  step: 0.1
  delay: 3
