Config:
  leader_file: ${oc.env:ROOT}/data/test.csv
  run_id: 184
  output_path: ${oc.env:ROOT}/sumo-xml/output
  sumo_gui: false
CFParameters:
  tau: 1.0386883448226896
  acceleration: 2.2568085107439937
  deceleration: 4.63304513355301
  speedFactor: 1.7749473453063913
  SpeedMode: 31
  rmsn: 0.004195413545460687
  rmspe: 0.010971091316526403
  mpe: -0.006438916975350352
SUMOParameters:
  step: 0.1
  delay: 3
