Config:
  leader_file: ${oc.env:ROOT}/data/test.csv
  run_id: 188
  output_path: ${oc.env:ROOT}/sumo-xml/output
  sumo_gui: false
CFParameters:
  tau: 1.1313205254189795
  acceleration: 3.1189553068555456
  deceleration: 4.63304513355301
  speedFactor: 1.3829709886766508
  SpeedMode: 31
  rmsn: 0.004937481148659596
  rmspe: 0.010931934202654025
  mpe: 0.0007318609374257612
SUMOParameters:
  step: 0.1
  delay: 3
