Config:
  leader_file: ${oc.env:ROOT}/data/test.csv
  run_id: 190
  output_path: ${oc.env:ROOT}/sumo-xml/output
  sumo_gui: false
CFParameters:
  tau: 1.1313205254189795
  acceleration: 2.2568085107439937
  deceleration: 6.952583236092045
  speedFactor: 1.3001897087446683
  SpeedMode: 31
  rmsn: 0.004648949875131734
  rmspe: 0.010943971694726558
  mpe: -0.006922239459456562
SUMOParameters:
  step: 0.1
  delay: 3
