Config:
  leader_file: ${oc.env:ROOT}/data/test.csv
  run_id: 193
  output_path: ${oc.env:ROOT}/sumo-xml/output
  sumo_gui: false
CFParameters:
  tau: 1.6284625030158588
  acceleration: 3.1189553068555456
  deceleration: 5.739423127165805
  speedFactor: 1.0091880922704812
  SpeedMode: 31
  rmsn: 0.024590873635481122
  rmspe: 0.027932497815319278
  mpe: -0.019169554227366475
SUMOParameters:
  step: 0.1
  delay: 3
