Config:
  leader_file: ${oc.env:ROOT}/data/test.csv
  run_id: 199
  output_path: ${oc.env:ROOT}/sumo-xml/output
  sumo_gui: false
CFParameters:
  tau: 1.0386883448226896
  acceleration: 3.1189553068555456
  deceleration: 5.20553142124125
  speedFactor: 1.0222704223853583
  SpeedMode: 31
  rmsn: 0.0032890188900964166
  rmspe: 0.011984533858995804
  mpe: 0.005361236803008214
SUMOParameters:
  step: 0.1
  delay: 3
