Config:
  leader_file: ${oc.env:ROOT}/data/test.csv
  run_id: 214
  output_path: ${oc.env:ROOT}/sumo-xml/output
  sumo_gui: false
CFParameters:
  tau: 1.4729142104065724
  acceleration: 3.1189553068555456
  deceleration: 5.715103094122727
  speedFactor: 1.4635230274625355
  SpeedMode: 31
  rmsn: 0.017787925077971056
  rmspe: 0.020594999614196797
  mpe: -0.012289913297789215
SUMOParameters:
  step: 0.1
  delay: 3
