Config:
  leader_file: ${oc.env:ROOT}/data/test.csv
  run_id: 225
  output_path: ${oc.env:ROOT}/sumo-xml/output
  sumo_gui: false
CFParameters:
  tau: 0.42493931748603186
  acceleration: 2.2568085107439937
  deceleration: 5.098448339141188
  speedFactor: 1.4742428979671252
  SpeedMode: 31
  rmsn: 0.022215855025572686
  rmspe: 0.02398241011879559
  mpe: 0.012402686536809471
SUMOParameters:
  step: 0.1
  delay: 3
