Config:
  leader_file: ${oc.env:ROOT}/data/test.csv
  run_id: 230
  output_path: ${oc.env:ROOT}/sumo-xml/output
  sumo_gui: false
CFParameters:
  tau: 1.0386883448226896
  acceleration: 3.1189553068555456
  deceleration: 1.7296172287869649
  speedFactor: 1.4742428979671252
  SpeedMode: 31
  rmsn: 0.10279090819966184
  rmspe: 0.12275540274268212
  mpe: -0.10154295336275997
SUMOParameters:
  step: 0.1
  delay: 3
