Config:
  leader_file: ${oc.env:ROOT}/data/test.csv
  run_id: 243
  output_path: ${oc.env:ROOT}/sumo-xml/output
  sumo_gui: false
CFParameters:
  tau: 1.0386883448226896
  acceleration: 2.2568085107439937
  deceleration: 6.952583236092045
  speedFactor: 0.59233172342142
  SpeedMode: 31
  rmsn: 0.1752930519884876
  rmspe: 0.18210940417174093
  mpe: -0.14865877648356407
SUMOParameters:
  step: 0.1
  delay: 3
