Config:
  leader_file: ${oc.env:ROOT}/data/test.csv
  run_id: 261
  output_path: ${oc.env:ROOT}/sumo-xml/output
  sumo_gui: false
CFParameters:
  tau: 1.0386883448226896
  acceleration: 2.9619202077925904
  deceleration: 5.098448339141188
  speedFactor: 1.3001897087446683
  SpeedMode: 31
  rmsn: 0.0024678229950954264
  rmspe: 0.008776333093013029
  mpe: 0.003781574006224721
SUMOParameters:
  step: 0.1
  delay: 3
