Config:
  leader_file: ${oc.env:ROOT}/data/test.csv
  run_id: 271
  output_path: ${oc.env:ROOT}/sumo-xml/output
  sumo_gui: false
CFParameters:
  tau: 1.099305865736156
  acceleration: 2.9619202077925904
  deceleration: 5.715103094122727
  speedFactor: 1.3001897087446683
  SpeedMode: 31
  rmsn: 0.002909792405986254
  rmspe: 0.008550238589860893
  mpe: 0.002210953497942998
SUMOParameters:
  step: 0.1
  delay: 3
