Config:
  leader_file: ${oc.env:ROOT}/data/test.csv
  run_id: 278
  output_path: ${oc.env:ROOT}/sumo-xml/output
  sumo_gui: false
CFParameters:
  tau: 1.0386883448226896
  acceleration: 2.9619202077925904
  deceleration: 3.563614081078425
  speedFactor: 1.3001897087446683
  SpeedMode: 31
  rmsn: 0.0192891999216517
  rmspe: 0.022505398378814614
  mpe: -0.014396598986357015
SUMOParameters:
  step: 0.1
  delay: 3
