Config:
  leader_file: ${oc.env:ROOT}/data/test.csv
  run_id: 293
  output_path: ${oc.env:ROOT}/sumo-xml/output
  sumo_gui: false
CFParameters:
  tau: 1.0386883448226896
  acceleration: 2.9619202077925904
  deceleration: 6.572926156558998
  speedFactor: 1.0091880922704812
  SpeedMode: 31
  rmsn: 0.0035861611569804235
  rmspe: 0.0102823462270002
  mpe: 0.0055664383737619345
SUMOParameters:
  step: 0.1
  delay: 3
