Config:
  leader_file: ${oc.env:ROOT}/data/test.csv
  run_id: 2
  output_path: ${oc.env:ROOT}/sumo-xml/output
  sumo_gui: false
CFParameters:
  tau: 1.7202651437376733
  acceleration: 4.755662226705121
  deceleration: 5.774025475431112
  speedFactor: 1.0125023144793297
  SpeedMode: 31
  rmsn: 0.02876428384043264
  rmspe: 0.0352557320969737
  mpe: -0.019698112715015575
SUMOParameters:
  step: 0.1
  delay: 3
