Config:
  leader_file: ${oc.env:ROOT}/data/test.csv
  run_id: 305
  output_path: ${oc.env:ROOT}/sumo-xml/output
  sumo_gui: false
CFParameters:
  tau: 1.0386883448226896
  acceleration: 2.8778455596475423
  deceleration: 5.715103094122727
  speedFactor: 1.3001897087446683
  SpeedMode: 31
  rmsn: 0.002434048363211652
  rmspe: 0.007591230837488857
  mpe: 0.003772453254371654
SUMOParameters:
  step: 0.1
  delay: 3
