Config:
  leader_file: ${oc.env:ROOT}/data/test.csv
  run_id: 315
  output_path: ${oc.env:ROOT}/sumo-xml/output
  sumo_gui: false
CFParameters:
  tau: 1.0386883448226896
  acceleration: 2.2683776236330404
  deceleration: 5.098448339141188
  speedFactor: 1.3001897087446683
  SpeedMode: 31
  rmsn: 0.003543417467996355
  rmspe: 0.010166967731330585
  mpe: -0.0055419198610782315
SUMOParameters:
  step: 0.1
  delay: 3
