Config:
  leader_file: ${oc.env:ROOT}/data/test.csv
  run_id: 316
  output_path: ${oc.env:ROOT}/sumo-xml/output
  sumo_gui: false
CFParameters:
  tau: 1.1664966656994349
  acceleration: 2.490516240989323
  deceleration: 5.098448339141188
  speedFactor: 1.082599319267757
  SpeedMode: 31
  rmsn: 0.006229948110818775
  rmspe: 0.007732380035359403
  mpe: -0.006360348981053695
SUMOParameters:
  step: 0.1
  delay: 3
