Config:
  leader_file: ${oc.env:ROOT}/data/test.csv
  run_id: 324
  output_path: ${oc.env:ROOT}/sumo-xml/output
  sumo_gui: false
CFParameters:
  tau: 1.0386883448226896
  acceleration: 2.490516240989323
  deceleration: 5.2906720991437055
  speedFactor: 1.3001897087446683
  SpeedMode: 31
  rmsn: 0.001097160911188371
  rmspe: 0.003061503148171241
  mpe: -0.0017183732201871767
SUMOParameters:
  step: 0.1
  delay: 3
