Config:
  leader_file: ${oc.env:ROOT}/data/test.csv
  run_id: 326
  output_path: ${oc.env:ROOT}/sumo-xml/output
  sumo_gui: false
CFParameters:
  tau: 1.0386883448226896
  acceleration: 3.8680997722706025
  deceleration: 5.715103094122727
  speedFactor: 1.3001897087446683
  SpeedMode: 31
  rmsn: 0.006279859476371119
  rmspe: 0.024622954798747217
  mpe: 0.011385328843650356
SUMOParameters:
  step: 0.1
  delay: 3
