Config:
  leader_file: ${oc.env:ROOT}/data/test.csv
  run_id: 328
  output_path: ${oc.env:ROOT}/sumo-xml/output
  sumo_gui: false
CFParameters:
  tau: 1.751672643092323
  acceleration: 2.490516240989323
  deceleration: 5.715103094122727
  speedFactor: 1.3001897087446683
  SpeedMode: 31
  rmsn: 0.03042558625544985
  rmspe: 0.035156239087629874
  mpe: -0.02824179028404001
SUMOParameters:
  step: 0.1
  delay: 3
