Config:
  leader_file: ${oc.env:ROOT}/data/test.csv
  run_id: 330
  output_path: ${oc.env:ROOT}/sumo-xml/output
  sumo_gui: false
CFParameters:
  tau: 1.207489828097708
  acceleration: 2.9619202077925904
  deceleration: 5.098448339141188
  speedFactor: 1.3001897087446683
  SpeedMode: 31
  rmsn: 0.00719583865254894
  rmspe: 0.009904819756889694
  mpe: -0.002907580879893113
SUMOParameters:
  step: 0.1
  delay: 3
