Config:
  leader_file: ${oc.env:ROOT}/data/test.csv
  run_id: 332
  output_path: ${oc.env:ROOT}/sumo-xml/output
  sumo_gui: false
CFParameters:
  tau: 1.0386883448226896
  acceleration: 2.9619202077925904
  deceleration: 6.952583236092045
  speedFactor: 1.082599319267757
  SpeedMode: 31
  rmsn: 0.0038571716319106115
  rmspe: 0.010601150630050741
  mpe: 0.005895034904171125
SUMOParameters:
  step: 0.1
  delay: 3
