Config:
  leader_file: ${oc.env:ROOT}/data/test.csv
  run_id: 334
  output_path: ${oc.env:ROOT}/sumo-xml/output
  sumo_gui: false
CFParameters:
  tau: 1.0386883448226896
  acceleration: 2.8778455596475423
  deceleration: 5.166266747984897
  speedFactor: 1.3001897087446683
  SpeedMode: 31
  rmsn: 0.002057385163254839
  rmspe: 0.007062170730232154
  mpe: 0.0030518934014804183
SUMOParameters:
  step: 0.1
  delay: 3
