Config:
  leader_file: ${oc.env:ROOT}/data/test.csv
  run_id: 372
  output_path: ${oc.env:ROOT}/sumo-xml/output
  sumo_gui: false
CFParameters:
  tau: 1.0386883448226896
  acceleration: 3.936747311119533
  deceleration: 3.9860477719383134
  speedFactor: 1.3001897087446683
  SpeedMode: 31
  rmsn: 0.009952904371919544
  rmspe: 0.02149494441540675
  mpe: 0.00015807033517175212
SUMOParameters:
  step: 0.1
  delay: 3
