Config:
  leader_file: ${oc.env:ROOT}/data/test.csv
  run_id: 375
  output_path: ${oc.env:ROOT}/sumo-xml/output
  sumo_gui: false
CFParameters:
  tau: 1.354503733725029
  acceleration: 2.490516240989323
  deceleration: 5.521048225973964
  speedFactor: 1.3001897087446683
  SpeedMode: 31
  rmsn: 0.013522174586995863
  rmspe: 0.01560748936922849
  mpe: -0.012654172323677701
SUMOParameters:
  step: 0.1
  delay: 3
