Config:
  leader_file: ${oc.env:ROOT}/data/test.csv
  run_id: 377
  output_path: ${oc.env:ROOT}/sumo-xml/output
  sumo_gui: false
CFParameters:
  tau: 1.0386883448226896
  acceleration: 4.103540833275039
  deceleration: 5.2906720991437055
  speedFactor: 1.3001897087446683
  SpeedMode: 31
  rmsn: 0.006538398953761084
  rmspe: 0.027045778422724893
  mpe: 0.01205092306144019
SUMOParameters:
  step: 0.1
  delay: 3
