Config:
  leader_file: ${oc.env:ROOT}/data/test.csv
  run_id: 3
  output_path: ${oc.env:ROOT}/sumo-xml/output
  sumo_gui: false
CFParameters:
  tau: 1.6264374149315663
  acceleration: 1.9015797431987806
  deceleration: 6.53731981339621
  speedFactor: 1.2660666176405317
  SpeedMode: 31
  rmsn: 0.02649469841450662
  rmspe: 0.03698920694725102
  mpe: -0.029731877701149854
SUMOParameters:
  step: 0.1
  delay: 3
