Config:
  leader_file: ${oc.env:ROOT}/data/test.csv
  run_id: 410
  output_path: ${oc.env:ROOT}/sumo-xml/output
  sumo_gui: false
CFParameters:
  tau: 0.9577416613354206
  acceleration: 2.490516240989323
  deceleration: 5.715103094122727
  speedFactor: 1.3001897087446683
  SpeedMode: 31
  rmsn: 0.0033747406374148945
  rmspe: 0.004350634099665127
  mpe: 0.00155664954876247
SUMOParameters:
  step: 0.1
  delay: 3
