Config:
  leader_file: ${oc.env:ROOT}/data/test.csv
  run_id: 416
  output_path: ${oc.env:ROOT}/sumo-xml/output
  sumo_gui: false
CFParameters:
  tau: 1.0386883448226896
  acceleration: 4.183915727842917
  deceleration: 5.715103094122727
  speedFactor: 1.3001897087446683
  SpeedMode: 31
  rmsn: 0.0070437109711924415
  rmspe: 0.028642914083339143
  mpe: 0.013089135089776889
SUMOParameters:
  step: 0.1
  delay: 3
