Config:
  leader_file: ${oc.env:ROOT}/data/test.csv
  run_id: 424
  output_path: ${oc.env:ROOT}/sumo-xml/output
  sumo_gui: false
CFParameters:
  tau: 0.3848051968623245
  acceleration: 2.490516240989323
  deceleration: 5.715103094122727
  speedFactor: 1.3001897087446683
  SpeedMode: 31
  rmsn: 0.026362328902360736
  rmspe: 0.02850034895687965
  mpe: 0.0199137688890949
SUMOParameters:
  step: 0.1
  delay: 3
