Config:
  leader_file: ${oc.env:ROOT}/data/test.csv
  run_id: 427
  output_path: ${oc.env:ROOT}/sumo-xml/output
  sumo_gui: false
CFParameters:
  tau: 1.0386883448226896
  acceleration: 4.8253685237767865
  deceleration: 5.715103094122727
  speedFactor: 1.3001897087446683
  SpeedMode: 31
  rmsn: 0.008191561934867494
  rmspe: 0.035353288907337466
  mpe: 0.015862935809773115
SUMOParameters:
  step: 0.1
  delay: 3
