Config:
  leader_file: ${oc.env:ROOT}/data/test.csv
  run_id: 430
  output_path: ${oc.env:ROOT}/sumo-xml/output
  sumo_gui: false
CFParameters:
  tau: 0.6289293243841421
  acceleration: 2.490516240989323
  deceleration: 5.715103094122727
  speedFactor: 1.3001897087446683
  SpeedMode: 31
  rmsn: 0.016687822792361813
  rmspe: 0.018206314532630025
  mpe: 0.012410174199971957
SUMOParameters:
  step: 0.1
  delay: 3
