Config:
  leader_file: ${oc.env:ROOT}/data/test.csv
  run_id: 465
  output_path: ${oc.env:ROOT}/sumo-xml/output
  sumo_gui: false
CFParameters:
  tau: 1.0386883448226896
  acceleration: 4.073202061511564
  deceleration: 2.8257695096871918
  speedFactor: 1.3001897087446683
  SpeedMode: 31
  rmsn: 0.04159023530485044
  rmspe: 0.048781360825313126
  mpe: -0.0337690378809895
SUMOParameters:
  step: 0.1
  delay: 3
