Config:
  leader_file: ${oc.env:ROOT}/data/test.csv
  run_id: 470
  output_path: ${oc.env:ROOT}/sumo-xml/output
  sumo_gui: false
CFParameters:
  tau: 1.0386883448226896
  acceleration: 4.530677320429495
  deceleration: 5.715103094122727
  speedFactor: 1.3001897087446683
  SpeedMode: 31
  rmsn: 0.00771697597318388
  rmspe: 0.03247611788968213
  mpe: 0.014684504483373172
SUMOParameters:
  step: 0.1
  delay: 3
