Config:
  leader_file: ${oc.env:ROOT}/data/test.csv
  run_id: 481
  output_path: ${oc.env:ROOT}/sumo-xml/output
  sumo_gui: false
CFParameters:
  tau: 1.0386883448226896
  acceleration: 4.405584101526275
  deceleration: 5.715103094122727
  speedFactor: 1.3001897087446683
  SpeedMode: 31
  rmsn: 0.007495054248442124
  rmspe: 0.031169674491616485
  mpe: 0.014142209425906408
SUMOParameters:
  step: 0.1
  delay: 3
