Config:
  leader_file: ${oc.env:ROOT}/data/test.csv
  run_id: 491
  output_path: ${oc.env:ROOT}/sumo-xml/output
  sumo_gui: false
CFParameters:
  tau: 1.0386883448226896
  acceleration: 3.943317555064188
  deceleration: 3.4304846076821205
  speedFactor: 1.3001897087446683
  SpeedMode: 31
  rmsn: 0.022294334338705524
  rmspe: 0.028726220297387663
  mpe: -0.013186479638386157
SUMOParameters:
  step: 0.1
  delay: 3
