Config:
  leader_file: ${oc.env:ROOT}/data/test.csv
  run_id: 497
  output_path: ${oc.env:ROOT}/sumo-xml/output
  sumo_gui: false
CFParameters:
  tau: 1.0386883448226896
  acceleration: 2.490516240989323
  deceleration: 6.085187044600641
  speedFactor: 1.3001897087446683
  SpeedMode: 31
  rmsn: 0.001033235515324976
  rmspe: 0.0028120418970040357
  mpe: -0.0008224507235942459
SUMOParameters:
  step: 0.1
  delay: 3
