Config:
  leader_file: ${oc.env:ROOT}/data/test.csv
  run_id: 4
  output_path: ${oc.env:ROOT}/sumo-xml/output
  sumo_gui: false
CFParameters:
  tau: 0.6476578872278074
  acceleration: 4.055118976010356
  deceleration: 2.9112173778031614
  speedFactor: 0.3993012464051625
  SpeedMode: 31
  rmsn: 0.022520770960963606
  rmspe: 0.029761849483483135
  mpe: -0.012485906615731334
SUMOParameters:
  step: 0.1
  delay: 3
