Config:
  leader_file: ${oc.env:ROOT}/data/test.csv
  run_id: 520
  output_path: ${oc.env:ROOT}/sumo-xml/output
  sumo_gui: false
CFParameters:
  tau: 0.14809503246550876
  acceleration: 2.490516240989323
  deceleration: 5.715103094122727
  speedFactor: 1.3001897087446683
  SpeedMode: 31
  rmsn: 0.035501090918643
  rmspe: 0.03810487628325048
  mpe: 0.026775973281192137
SUMOParameters:
  step: 0.1
  delay: 3
