Config:
  leader_file: ${oc.env:ROOT}/data/test.csv
  run_id: 529
  output_path: ${oc.env:ROOT}/sumo-xml/output
  sumo_gui: false
CFParameters:
  tau: 0.2000531795355864
  acceleration: 2.651999643542572
  deceleration: 5.098448339141188
  speedFactor: 1.9211216083605789
  SpeedMode: 31
  rmsn: 0.033422553761327835
  rmspe: 0.036901096306628745
  mpe: 0.027800356691008287
SUMOParameters:
  step: 0.1
  delay: 3
