Config:
  leader_file: ${oc.env:ROOT}/data/test.csv
  run_id: 531
  output_path: ${oc.env:ROOT}/sumo-xml/output
  sumo_gui: false
CFParameters:
  tau: 1.0386883448226896
  acceleration: 2.6603638660818283
  deceleration: 5.715103094122727
  speedFactor: 1.3001897087446683
  SpeedMode: 31
  rmsn: 0.0009948301387117209
  rmspe: 0.0022371322085732895
  mpe: 0.0011661466814354136
SUMOParameters:
  step: 0.1
  delay: 3
