Config:
  leader_file: ${oc.env:ROOT}/data/test.csv
  run_id: 539
  output_path: ${oc.env:ROOT}/sumo-xml/output
  sumo_gui: false
CFParameters:
  tau: 1.0386883448226896
  acceleration: 2.651999643542572
  deceleration: 6.043436782624607
  speedFactor: 1.3001897087446683
  SpeedMode: 31
  rmsn: 0.0012536452461373673
  rmspe: 0.002394230620329832
  mpe: 0.0014096696582767943
SUMOParameters:
  step: 0.1
  delay: 3
