Config:
  leader_file: ${oc.env:ROOT}/data/test.csv
  run_id: 542
  output_path: ${oc.env:ROOT}/sumo-xml/output
  sumo_gui: false
CFParameters:
  tau: 1.5469064712781275
  acceleration: 2.490516240989323
  deceleration: 5.715103094122727
  speedFactor: 1.884108557983345
  SpeedMode: 31
  rmsn: 0.02156395333118228
  rmspe: 0.024817855822274363
  mpe: -0.01993487917982613
SUMOParameters:
  step: 0.1
  delay: 3
