Config:
  leader_file: ${oc.env:ROOT}/data/test.csv
  run_id: 548
  output_path: ${oc.env:ROOT}/sumo-xml/output
  sumo_gui: false
CFParameters:
  tau: 1.0386883448226896
  acceleration: 2.651999643542572
  deceleration: 5.715103094122727
  speedFactor: 1.3001897087446683
  SpeedMode: 31
  rmsn: 0.0009408971748783312
  rmspe: 0.0020249610380609884
  mpe: 0.0010578232320350176
SUMOParameters:
  step: 0.1
  delay: 3
