Config:
  leader_file: ${oc.env:ROOT}/data/test.csv
  run_id: 564
  output_path: ${oc.env:ROOT}/sumo-xml/output
  sumo_gui: false
CFParameters:
  tau: 1.0386883448226896
  acceleration: 3.4062584034246717
  deceleration: 5.098448339141188
  speedFactor: 1.3001897087446683
  SpeedMode: 31
  rmsn: 0.004381298891869465
  rmspe: 0.016913900029889593
  mpe: 0.007470780833517378
SUMOParameters:
  step: 0.1
  delay: 3
