Config:
  leader_file: ${oc.env:ROOT}/data/test.csv
  run_id: 583
  output_path: ${oc.env:ROOT}/sumo-xml/output
  sumo_gui: false
CFParameters:
  tau: 1.0386883448226896
  acceleration: 3.46139898416901
  deceleration: 5.081340769858239
  speedFactor: 1.3001897087446683
  SpeedMode: 31
  rmsn: 0.004562747012928374
  rmspe: 0.01777742423436041
  mpe: 0.007830762231504718
SUMOParameters:
  step: 0.1
  delay: 3
