Config:
  leader_file: ${oc.env:ROOT}/data/test.csv
  run_id: 588
  output_path: ${oc.env:ROOT}/sumo-xml/output
  sumo_gui: false
CFParameters:
  tau: 0.8529410070536649
  acceleration: 2.490516240989323
  deceleration: 2.213126957024641
  speedFactor: 1.3001897087446683
  SpeedMode: 31
  rmsn: 0.06228980535229985
  rmspe: 0.0738260617539704
  mpe: -0.057322833358905895
SUMOParameters:
  step: 0.1
  delay: 3
