Config:
  leader_file: ${oc.env:ROOT}/data/test.csv
  run_id: 590
  output_path: ${oc.env:ROOT}/sumo-xml/output
  sumo_gui: false
CFParameters:
  tau: 1.8196288633477617
  acceleration: 2.651999643542572
  deceleration: 5.098448339141188
  speedFactor: 1.3001897087446683
  SpeedMode: 31
  rmsn: 0.03360534544921747
  rmspe: 0.03821439547447769
  mpe: -0.030313426468314936
SUMOParameters:
  step: 0.1
  delay: 3
