Config:
  leader_file: ${oc.env:ROOT}/data/test.csv
  run_id: 59
  output_path: ${oc.env:ROOT}/sumo-xml/output
  sumo_gui: false
CFParameters:
  tau: 0.934969515589278
  acceleration: 4.678660395502465
  deceleration: 4.63304513355301
  speedFactor: 1.3829709886766508
  SpeedMode: 31
  rmsn: 0.009486868166119657
  rmspe: 0.03522900907275738
  mpe: 0.018207951239663168
SUMOParameters:
  step: 0.1
  delay: 3
