Config:
  leader_file: ${oc.env:ROOT}/data/test.csv
  run_id: 5
  output_path: ${oc.env:ROOT}/sumo-xml/output
  sumo_gui: false
CFParameters:
  tau: 0.41250580842580464
  acceleration: 3.754044854515885
  deceleration: 1.5021957432997033
  speedFactor: 1.6401054984458021
  SpeedMode: 31
  rmsn: 0.10159094565802161
  rmspe: 0.1206816691175788
  mpe: -0.0980569599179264
SUMOParameters:
  step: 0.1
  delay: 3
