Config:
  leader_file: ${oc.env:ROOT}/data/test.csv
  run_id: 617
  output_path: ${oc.env:ROOT}/sumo-xml/output
  sumo_gui: false
CFParameters:
  tau: 1.0386883448226896
  acceleration: 4.933173799555662
  deceleration: 5.098448339141188
  speedFactor: 1.3001897087446683
  SpeedMode: 31
  rmsn: 0.007847982394147265
  rmspe: 0.03514511804343101
  mpe: 0.01521153540687991
SUMOParameters:
  step: 0.1
  delay: 3
