Config:
  leader_file: ${oc.env:ROOT}/data/test.csv
  run_id: 61
  output_path: ${oc.env:ROOT}/sumo-xml/output
  sumo_gui: false
CFParameters:
  tau: 1.2368412535955147
  acceleration: 2.2568085107439937
  deceleration: 4.954830542460196
  speedFactor: 0.3475563165893751
  SpeedMode: 31
  rmsn: 0.01049672538275751
  rmspe: 0.01574455689598186
  mpe: -0.012364609710202971
SUMOParameters:
  step: 0.1
  delay: 3
