Config:
  leader_file: ${oc.env:ROOT}/data/test.csv
  run_id: 645
  output_path: ${oc.env:ROOT}/sumo-xml/output
  sumo_gui: false
CFParameters:
  tau: 1.7569636492464447
  acceleration: 2.651999643542572
  deceleration: 5.098448339141188
  speedFactor: 1.3001897087446683
  SpeedMode: 31
  rmsn: 0.03090049144211222
  rmspe: 0.03503618032904746
  mpe: -0.027680499896909676
SUMOParameters:
  step: 0.1
  delay: 3
