Config:
  leader_file: ${oc.env:ROOT}/data/test.csv
  run_id: 648
  output_path: ${oc.env:ROOT}/sumo-xml/output
  sumo_gui: false
CFParameters:
  tau: 1.0386883448226896
  acceleration: 2.651999643542572
  deceleration: 2.0112196249305403
  speedFactor: 1.3001897087446683
  SpeedMode: 31
  rmsn: 0.08179662891911553
  rmspe: 0.09732203492308546
  mpe: -0.07838606862100438
SUMOParameters:
  step: 0.1
  delay: 3
