Config:
  leader_file: ${oc.env:ROOT}/data/test.csv
  run_id: 649
  output_path: ${oc.env:ROOT}/sumo-xml/output
  sumo_gui: false
CFParameters:
  tau: 1.0386883448226896
  acceleration: 2.651999643542572
  deceleration: 4.292997991156508
  speedFactor: 1.3001897087446683
  SpeedMode: 31
  rmsn: 0.004764273147852012
  rmspe: 0.00538846712249865
  mpe: -0.0034939007131840174
SUMOParameters:
  step: 0.1
  delay: 3
