Config:
  leader_file: ${oc.env:ROOT}/data/test.csv
  run_id: 64
  output_path: ${oc.env:ROOT}/sumo-xml/output
  sumo_gui: false
CFParameters:
  tau: 1.0386883448226896
  acceleration: 4.678660395502465
  deceleration: 5.697880285954887
  speedFactor: 1.3829709886766508
  SpeedMode: 31
  rmsn: 0.007953584538895985
  rmspe: 0.03393190645642897
  mpe: 0.015267307969958566
SUMOParameters:
  step: 0.1
  delay: 3
