Config:
  leader_file: ${oc.env:ROOT}/data/test.csv
  run_id: 660
  output_path: ${oc.env:ROOT}/sumo-xml/output
  sumo_gui: false
CFParameters:
  tau: 1.0386883448226896
  acceleration: 2.590301479531429
  deceleration: 5.098448339141188
  speedFactor: 1.3001897087446683
  SpeedMode: 31
  rmsn: 0.0006681931725994706
  rmspe: 0.0006777778161463159
  mpe: -0.0005376595495411098
SUMOParameters:
  step: 0.1
  delay: 3
