Config:
  leader_file: ${oc.env:ROOT}/data/test.csv
  run_id: 661
  output_path: ${oc.env:ROOT}/sumo-xml/output
  sumo_gui: false
CFParameters:
  tau: 0.317106793254438
  acceleration: 2.651999643542572
  deceleration: 5.098448339141188
  speedFactor: 1.3001897087446683
  SpeedMode: 31
  rmsn: 0.028837692780811486
  rmspe: 0.031994479998774715
  mpe: 0.02423453707637222
SUMOParameters:
  step: 0.1
  delay: 3
