Config:
  leader_file: ${oc.env:ROOT}/data/test.csv
  run_id: 66
  output_path: ${oc.env:ROOT}/sumo-xml/output
  sumo_gui: false
CFParameters:
  tau: 1.2368412535955147
  acceleration: 2.2568085107439937
  deceleration: 5.697880285954887
  speedFactor: 1.4742428979671252
  SpeedMode: 31
  rmsn: 0.009587001265804132
  rmspe: 0.014889152303795573
  mpe: -0.01155444047886678
SUMOParameters:
  step: 0.1
  delay: 3
