Config:
  leader_file: ${oc.env:ROOT}/data/test.csv
  run_id: 670
  output_path: ${oc.env:ROOT}/sumo-xml/output
  sumo_gui: false
CFParameters:
  tau: 1.0386883448226896
  acceleration: 2.651999643542572
  deceleration: 6.349764725153532
  speedFactor: 1.3001897087446683
  SpeedMode: 31
  rmsn: 0.0015477536188482697
  rmspe: 0.0027414010092882014
  mpe: 0.0017069422822065994
SUMOParameters:
  step: 0.1
  delay: 3
