Config:
  leader_file: ${oc.env:ROOT}/data/test.csv
  run_id: 67
  output_path: ${oc.env:ROOT}/sumo-xml/output
  sumo_gui: false
CFParameters:
  tau: 1.2368412535955147
  acceleration: 2.9619202077925904
  deceleration: 6.952583236092045
  speedFactor: 1.4742428979671252
  SpeedMode: 31
  rmsn: 0.006863797946808401
  rmspe: 0.009972713270538216
  mpe: -0.00227673244107881
SUMOParameters:
  step: 0.1
  delay: 3
