Config:
  leader_file: ${oc.env:ROOT}/data/test.csv
  run_id: 6
  output_path: ${oc.env:ROOT}/sumo-xml/output
  sumo_gui: false
CFParameters:
  tau: 0.8361836063666825
  acceleration: 4.99369341800085
  deceleration: 3.495454006734028
  speedFactor: 1.3822783537176095
  SpeedMode: 31
  rmsn: 0.012762097028564517
  rmspe: 0.028884473165467172
  mpe: 0.000569928807210929
SUMOParameters:
  step: 0.1
  delay: 3
