Config:
  leader_file: ${oc.env:ROOT}/data/test.csv
  run_id: 78
  output_path: ${oc.env:ROOT}/sumo-xml/output
  sumo_gui: false
CFParameters:
  tau: 0.1642258441654751
  acceleration: 3.9354793753489523
  deceleration: 3.412576085791499
  speedFactor: 1.3197303629820818
  SpeedMode: 31
  rmsn: 0.016029047637865904
  rmspe: 0.03208945472027689
  mpe: 0.023160585246310483
SUMOParameters:
  step: 0.1
  delay: 3
