Config:
  leader_file: ${oc.env:ROOT}/data/test.csv
  run_id: 79
  output_path: ${oc.env:ROOT}/sumo-xml/output
  sumo_gui: false
CFParameters:
  tau: 0.22810358908915013
  acceleration: 3.704841765496329
  deceleration: 5.697880285954887
  speedFactor: 1.8250269372408032
  SpeedMode: 31
  rmsn: 0.03861441690776512
  rmspe: 0.05704024521456357
  mpe: 0.044105039597408004
SUMOParameters:
  step: 0.1
  delay: 3
