Config:
  leader_file: ${oc.env:ROOT}/data/test.csv
  run_id: 7
  output_path: ${oc.env:ROOT}/sumo-xml/output
  sumo_gui: false
CFParameters:
  tau: 1.0909400668088924
  acceleration: 2.8649885858380446
  deceleration: 3.4976336658132845
  speedFactor: 1.6427664667733306
  SpeedMode: 31
  rmsn: 0.02315930869120528
  rmspe: 0.026815686891655876
  mpe: -0.01862475923770025
SUMOParameters:
  step: 0.1
  delay: 3
