Config:
  leader_file: ${oc.env:ROOT}/data/test.csv
  run_id: 84
  output_path: ${oc.env:ROOT}/sumo-xml/output
  sumo_gui: false
CFParameters:
  tau: 1.2060184567706806
  acceleration: 3.111055675518725
  deceleration: 5.101672512454476
  speedFactor: 1.3321430011816104
  SpeedMode: 31
  rmsn: 0.007151190085887103
  rmspe: 0.011690786257939388
  mpe: -0.0016576835553467357
SUMOParameters:
  step: 0.1
  delay: 3
