Config:
  leader_file: ${oc.env:ROOT}/data/test.csv
  run_id: 88
  output_path: ${oc.env:ROOT}/sumo-xml/output
  sumo_gui: false
CFParameters:
  tau: 0.5784878793993927
  acceleration: 3.955161243840228
  deceleration: 3.1352146494143796
  speedFactor: 1.4635230274625355
  SpeedMode: 31
  rmsn: 0.012565994154530405
  rmspe: 0.022599108659713357
  mpe: -0.002025582479045157
SUMOParameters:
  step: 0.1
  delay: 3
