Config:
  leader_file: ${oc.env:ROOT}/data/test.csv
  run_id: 8
  output_path: ${oc.env:ROOT}/sumo-xml/output
  sumo_gui: false
CFParameters:
  tau: 1.5773459754220083
  acceleration: 4.489233465562169
  deceleration: 2.6533090186645607
  speedFactor: 1.8534317049154432
  SpeedMode: 31
  rmsn: 0.07082348288687511
  rmspe: 0.0837707079345414
  mpe: -0.06750093927851855
SUMOParameters:
  step: 0.1
  delay: 3
