Config:
  leader_file: ${oc.env:ROOT}/data/test.csv
  run_id: 90
  output_path: ${oc.env:ROOT}/sumo-xml/output
  sumo_gui: false
CFParameters:
  tau: 0.7256509690767067
  acceleration: 2.8204188288779433
  deceleration: 4.63304513355301
  speedFactor: 1.6491248485989765
  SpeedMode: 31
  rmsn: 0.012293763500702206
  rmspe: 0.01571272294125999
  mpe: 0.012689080654025934
SUMOParameters:
  step: 0.1
  delay: 3
