Config:
  leader_file: ${oc.env:ROOT}/data/test.csv
  run_id: 9
  output_path: ${oc.env:ROOT}/sumo-xml/output
  sumo_gui: false
CFParameters:
  tau: 1.664891742071656
  acceleration: 4.9181262231304625
  deceleration: 6.952240941670627
  speedFactor: 0.489498899739844
  SpeedMode: 31
  rmsn: 0.025725747352323487
  rmspe: 0.03365491649388517
  mpe: -0.015874302502580546
SUMOParameters:
  step: 0.1
  delay: 3
