Config:
  leader_file: ${oc.env:ROOT}/data/test.csv
  run_id: 108
  output_path: ${oc.env:ROOT}/sumo-xml/output
  sumo_gui: false
CFParameters:
  tau: 1.0386883448226896
  acceleration: 2.090936195348519
  deceleration: 5.697880285954887
  speedFactor: 1.8250269372408032
  SpeedMode: 31
  rmsn: 0.005492282905531418
  rmspe: 0.01615018145365805
  mpe: -0.00818487348572319
SUMOParameters:
  step: 0.1
  delay: 3
