Config:
  leader_file: ${oc.env:ROOT}/data/test.csv
  run_id: 109
  output_path: ${oc.env:ROOT}/sumo-xml/output
  sumo_gui: false
CFParameters:
  tau: 0.5784878793993927
  acceleration: 2.9619202077925904
  deceleration: 3.407635880038777
  speedFactor: 1.4635230274625355
  SpeedMode: 31
  rmsn: 0.0057357492482456324
  rmspe: 0.00918327487764441
  mpe: -0.0004674206494176685
SUMOParameters:
  step: 0.1
  delay: 3
