Config:
  leader_file: ${oc.env:ROOT}/data/test.csv
  run_id: 115
  output_path: ${oc.env:ROOT}/sumo-xml/output
  sumo_gui: false
CFParameters:
  tau: 0.1337414457344503
  acceleration: 2.9619202077925904
  deceleration: 5.715103094122727
  speedFactor: 1.4635230274625355
  SpeedMode: 31
  rmsn: 0.039221570668959135
  rmspe: 0.04732957624472262
  mpe: 0.03690147773967951
SUMOParameters:
  step: 0.1
  delay: 3
