Config:
  leader_file: ${oc.env:ROOT}/data/test.csv
  run_id: 117
  output_path: ${oc.env:ROOT}/sumo-xml/output
  sumo_gui: false
CFParameters:
  tau: 1.0386883448226896
  acceleration: 4.777441561573992
  deceleration: 5.92603049208236
  speedFactor: 1.8250269372408032
  SpeedMode: 31
  rmsn: 0.008283681763729131
  rmspe: 0.03527007758870367
  mpe: 0.015997361290677428
SUMOParameters:
  step: 0.1
  delay: 3
