Config:
  leader_file: ${oc.env:ROOT}/data/test.csv
  run_id: 118
  output_path: ${oc.env:ROOT}/sumo-xml/output
  sumo_gui: false
CFParameters:
  tau: 1.555333855135901
  acceleration: 2.090936195348519
  deceleration: 4.63304513355301
  speedFactor: 1.0091880922704812
  SpeedMode: 31
  rmsn: 0.02427548832409309
  rmspe: 0.03135410755981282
  mpe: -0.025787491903429438
SUMOParameters:
  step: 0.1
  delay: 3
