Config:
  leader_file: ${oc.env:ROOT}/data/test.csv
  run_id: 121
  output_path: ${oc.env:ROOT}/sumo-xml/output
  sumo_gui: false
CFParameters:
  tau: 0.934969515589278
  acceleration: 3.7970142601843944
  deceleration: 5.715103094122727
  speedFactor: 1.3829709886766508
  SpeedMode: 31
  rmsn: 0.00915134478801851
  rmspe: 0.026890447577356275
  mpe: 0.015566147656195413
SUMOParameters:
  step: 0.1
  delay: 3
