Config:
  leader_file: ${oc.env:ROOT}/data/test.csv
  run_id: 127
  output_path: ${oc.env:ROOT}/sumo-xml/output
  sumo_gui: false
CFParameters:
  tau: 0.7256509690767067
  acceleration: 3.111055675518725
  deceleration: 4.021926549358041
  speedFactor: 1.3829709886766508
  SpeedMode: 31
  rmsn: 0.005216598666245076
  rmspe: 0.012803062424544086
  mpe: 0.008300293978362072
SUMOParameters:
  step: 0.1
  delay: 3
