Config:
  leader_file: ${oc.env:ROOT}/data/test.csv
  run_id: 138
  output_path: ${oc.env:ROOT}/sumo-xml/output
  sumo_gui: false
CFParameters:
  tau: 0.934969515589278
  acceleration: 2.2568085107439937
  deceleration: 4.63304513355301
  speedFactor: 1.3829709886766508
  SpeedMode: 31
  rmsn: 0.0035684917404301478
  rmspe: 0.010106534407404971
  mpe: -0.003195404240846366
SUMOParameters:
  step: 0.1
  delay: 3
