Config:
  leader_file: ${oc.env:ROOT}/data/test.csv
  run_id: 140
  output_path: ${oc.env:ROOT}/sumo-xml/output
  sumo_gui: false
CFParameters:
  tau: 1.0386883448226896
  acceleration: 2.9619202077925904
  deceleration: 3.407635880038777
  speedFactor: 1.4635230274625355
  SpeedMode: 31
  rmsn: 0.02327033183289473
  rmspe: 0.027083040900252167
  mpe: -0.018142202214459148
SUMOParameters:
  step: 0.1
  delay: 3
