Config:
  leader_file: ${oc.env:ROOT}/data/test.csv
  run_id: 149
  output_path: ${oc.env:ROOT}/sumo-xml/output
  sumo_gui: false
CFParameters:
  tau: 1.2974392986558028
  acceleration: 2.090936195348519
  deceleration: 4.63304513355301
  speedFactor: 0.3475563165893751
  SpeedMode: 31
  rmsn: 0.01448808630047374
  rmspe: 0.022622417035988173
  mpe: -0.01748615273102462
SUMOParameters:
  step: 0.1
  delay: 3
