Config:
  leader_file: ${oc.env:ROOT}/data/test.csv
  run_id: 162
  output_path: ${oc.env:ROOT}/sumo-xml/output
  sumo_gui: false
CFParameters:
  tau: 0.934969515589278
  acceleration: 2.2568085107439937
  deceleration: 6.952583236092045
  speedFactor: 1.4742428979671252
  SpeedMode: 31
  rmsn: 0.005563980344247322
  rmspe: 0.010614299545095681
  mpe: -0.0004619140144527679
SUMOParameters:
  step: 0.1
  delay: 3
