Config:
  leader_file: ${oc.env:ROOT}/data/test.csv
  run_id: 164
  output_path: ${oc.env:ROOT}/sumo-xml/output
  sumo_gui: false
CFParameters:
  tau: 1.1234258076644443
  acceleration: 3.1189553068555456
  deceleration: 6.952583236092045
  speedFactor: 1.4742428979671252
  SpeedMode: 31
  rmsn: 0.00368380552145442
  rmspe: 0.012003547570887745
  mpe: 0.00381687241385324
SUMOParameters:
  step: 0.1
  delay: 3
