Config:
  leader_file: ${oc.env:ROOT}/data/test.csv
  run_id: 165
  output_path: ${oc.env:ROOT}/sumo-xml/output
  sumo_gui: false
CFParameters:
  tau: 1.1313205254189795
  acceleration: 2.2568085107439937
  deceleration: 1.8957116855205314
  speedFactor: 1.0091880922704812
  SpeedMode: 31
  rmsn: 0.09305401607759242
  rmspe: 0.11107589541674831
  mpe: -0.09106524190384317
SUMOParameters:
  step: 0.1
  delay: 3
