Config:
  leader_file: ${oc.env:ROOT}/data/test.csv
  run_id: 169
  output_path: ${oc.env:ROOT}/sumo-xml/output
  sumo_gui: false
CFParameters:
  tau: 1.0386883448226896
  acceleration: 3.1189553068555456
  deceleration: 6.952583236092045
  speedFactor: 1.3001897087446683
  SpeedMode: 31
  rmsn: 0.004608897195293958
  rmspe: 0.013824682674944952
  mpe: 0.007395088089707082
SUMOParameters:
  step: 0.1
  delay: 3
