Config:
  leader_file: ${oc.env:ROOT}/data/test.csv
  run_id: 174
  output_path: ${oc.env:ROOT}/sumo-xml/output
  sumo_gui: false
CFParameters:
  tau: 0.934969515589278
  acceleration: 2.2568085107439937
  deceleration: 5.715103094122727
  speedFactor: 1.0422474882194586
  SpeedMode: 31
  rmsn: 0.004498682564575619
  rmspe: 0.01018420502481945
  mpe: -0.0016587887468210646
SUMOParameters:
  step: 0.1
  delay: 3
