Config:
  leader_file: ${oc.env:ROOT}/data/test.csv
  run_id: 175
  output_path: ${oc.env:ROOT}/sumo-xml/output
  sumo_gui: false
CFParameters:
  tau: 1.0386883448226896
  acceleration: 3.1189553068555456
  deceleration: 6.333919754568525
  speedFactor: 1.6187290677341124
  SpeedMode: 31
  rmsn: 0.004153666590252085
  rmspe: 0.013225029702922629
  mpe: 0.006792834191194234
SUMOParameters:
  step: 0.1
  delay: 3
