Config:
  leader_file: ${oc.env:ROOT}/data/test.csv
  run_id: 177
  output_path: ${oc.env:ROOT}/sumo-xml/output
  sumo_gui: false
CFParameters:
  tau: 1.0386883448226896
  acceleration: 3.1189553068555456
  deceleration: 5.697880285954887
  speedFactor: 1.4742428979671252
  SpeedMode: 31
  rmsn: 0.0036495360154862994
  rmspe: 0.01252854362080049
  mpe: 0.0060392990773062635
SUMOParameters:
  step: 0.1
  delay: 3
