Config:
  leader_file: ${oc.env:ROOT}/data/test.csv
  run_id: 183
  output_path: ${oc.env:ROOT}/sumo-xml/output
  sumo_gui: false
CFParameters:
  tau: 1.8468417074334584
  acceleration: 2.2568085107439937
  deceleration: 4.63304513355301
  speedFactor: 1.3829709886766508
  SpeedMode: 31
  rmsn: 0.035561717872574915
  rmspe: 0.041614732835698984
  mpe: -0.03440080008422487
SUMOParameters:
  step: 0.1
  delay: 3
