Config:
  leader_file: ${oc.env:ROOT}/data/test.csv
  run_id: 189
  output_path: ${oc.env:ROOT}/sumo-xml/output
  sumo_gui: false
CFParameters:
  tau: 1.1313205254189795
  acceleration: 3.1189553068555456
  deceleration: 5.715103094122727
  speedFactor: 1.3829709886766508
  SpeedMode: 31
  rmsn: 0.0040801965694711225
  rmspe: 0.011303533954232694
  mpe: 0.0022579385484005118
SUMOParameters:
  step: 0.1
  delay: 3
