Config:
  leader_file: ${oc.env:ROOT}/data/test.csv
  run_id: 203
  output_path: ${oc.env:ROOT}/sumo-xml/output
  sumo_gui: false
CFParameters:
  tau: 1.0386883448226896
  acceleration: 2.2568085107439937
  deceleration: 6.952583236092045
  speedFactor: 1.0091880922704812
  SpeedMode: 31
  rmsn: 0.003096172711331664
  rmspe: 0.009814529162777134
  mpe: -0.0038170739213995936
SUMOParameters:
  step: 0.1
  delay: 3
