Config:
  leader_file: ${oc.env:ROOT}/data/test.csv
  run_id: 221
  output_path: ${oc.env:ROOT}/sumo-xml/output
  sumo_gui: false
CFParameters:
  tau: 1.0386883448226896
  acceleration: 2.9619202077925904
  deceleration: 5.715103094122727
  speedFactor: 1.3001897087446683
  SpeedMode: 31
  rmsn: 0.0029010489563004588
  rmspe: 0.009420170843133104
  mpe: 0.004625862765816811
SUMOParameters:
  step: 0.1
  delay: 3
