Config:
  leader_file: ${oc.env:ROOT}/data/test.csv
  run_id: 236
  output_path: ${oc.env:ROOT}/sumo-xml/output
  sumo_gui: false
CFParameters:
  tau: 1.0386883448226896
  acceleration: 3.1189553068555456
  deceleration: 5.400245523462119
  speedFactor: 1.3001897087446683
  SpeedMode: 31
  rmsn: 0.0034237990230614867
  rmspe: 0.012201333875031063
  mpe: 0.0056409604057433916
SUMOParameters:
  step: 0.1
  delay: 3
