Config:
  leader_file: ${oc.env:ROOT}/data/test.csv
  run_id: 238
  output_path: ${oc.env:ROOT}/sumo-xml/output
  sumo_gui: false
CFParameters:
  tau: 1.0386883448226896
  acceleration: 3.1189553068555456
  deceleration: 5.098448339141188
  speedFactor: 1.3001897087446683
  SpeedMode: 31
  rmsn: 0.0032173538760922656
  rmspe: 0.011859941498117267
  mpe: 0.0051974604943268625
SUMOParameters:
  step: 0.1
  delay: 3
