Config:
  leader_file: ${oc.env:ROOT}/data/test.csv
  run_id: 239
  output_path: ${oc.env:ROOT}/sumo-xml/output
  sumo_gui: false
CFParameters:
  tau: 1.0386883448226896
  acceleration: 2.2568085107439937
  deceleration: 5.098448339141188
  speedFactor: 1.9217127694990832
  SpeedMode: 31
  rmsn: 0.003680039104135926
  rmspe: 0.010555507006001524
  mpe: -0.005745953053360393
SUMOParameters:
  step: 0.1
  delay: 3
