Config:
  leader_file: ${oc.env:ROOT}/data/test.csv
  run_id: 240
  output_path: ${oc.env:ROOT}/sumo-xml/output
  sumo_gui: false
CFParameters:
  tau: 1.0386883448226896
  acceleration: 4.354059418489458
  deceleration: 6.952583236092045
  speedFactor: 1.0091880922704812
  SpeedMode: 31
  rmsn: 0.008265993971133454
  rmspe: 0.0322810332224683
  mpe: 0.015406923740580336
SUMOParameters:
  step: 0.1
  delay: 3
