Config:
  leader_file: ${oc.env:ROOT}/data/test.csv
  run_id: 245
  output_path: ${oc.env:ROOT}/sumo-xml/output
  sumo_gui: false
CFParameters:
  tau: 1.0386883448226896
  acceleration: 2.2568085107439937
  deceleration: 2.5993259301227347
  speedFactor: 1.4742428979671252
  SpeedMode: 31
  rmsn: 0.050914707099330214
  rmspe: 0.06080886097325058
  mpe: -0.0474451398597229
SUMOParameters:
  step: 0.1
  delay: 3
