Config:
  leader_file: ${oc.env:ROOT}/data/test.csv
  run_id: 247
  output_path: ${oc.env:ROOT}/sumo-xml/output
  sumo_gui: false
CFParameters:
  tau: 1.0386883448226896
  acceleration: 1.6653899976166295
  deceleration: 6.952583236092045
  speedFactor: 0.3475563165893751
  SpeedMode: 31
  rmsn: 0.014219788058554575
  rmspe: 0.035530204521092575
  mpe: -0.01890482648121199
SUMOParameters:
  step: 0.1
  delay: 3
