Config:
  leader_file: ${oc.env:ROOT}/data/test.csv
  run_id: 248
  output_path: ${oc.env:ROOT}/sumo-xml/output
  sumo_gui: false
CFParameters:
  tau: 1.0386883448226896
  acceleration: 1.8212940316415107
  deceleration: 6.952583236092045
  speedFactor: 0.6198847176781676
  SpeedMode: 31
  rmsn: 0.14964395966569904
  rmspe: 0.1586300210064208
  mpe: -0.12692068177793836
SUMOParameters:
  step: 0.1
  delay: 3
