Config:
  leader_file: ${oc.env:ROOT}/data/test.csv
  run_id: 249
  output_path: ${oc.env:ROOT}/sumo-xml/output
  sumo_gui: false
CFParameters:
  tau: 1.0386883448226896
  acceleration: 2.2568085107439937
  deceleration: 4.024584350046789
  speedFactor: 1.3001897087446683
  SpeedMode: 31
  rmsn: 0.011409040304711474
  rmspe: 0.017041389489015932
  mpe: -0.012924036693632242
SUMOParameters:
  step: 0.1
  delay: 3
