Config:
  leader_file: ${oc.env:ROOT}/data/test.csv
  run_id: 264
  output_path: ${oc.env:ROOT}/sumo-xml/output
  sumo_gui: false
CFParameters:
  tau: 0.5807618071625529
  acceleration: 2.9619202077925904
  deceleration: 5.715103094122727
  speedFactor: 0.3475563165893751
  SpeedMode: 31
  rmsn: 0.020857255996052784
  rmspe: 0.027330182559952208
  mpe: 0.02162483688727969
SUMOParameters:
  step: 0.1
  delay: 3
