Config:
  leader_file: ${oc.env:ROOT}/data/test.csv
  run_id: 266
  output_path: ${oc.env:ROOT}/sumo-xml/output
  sumo_gui: false
CFParameters:
  tau: 1.0386883448226896
  acceleration: 2.2568085107439937
  deceleration: 5.715103094122727
  speedFactor: 1.0091880922704812
  SpeedMode: 31
  rmsn: 0.003268310100948728
  rmspe: 0.010179607484304102
  mpe: -0.004980249796171041
SUMOParameters:
  step: 0.1
  delay: 3
