Config:
  leader_file: ${oc.env:ROOT}/data/test.csv
  run_id: 273
  output_path: ${oc.env:ROOT}/sumo-xml/output
  sumo_gui: false
CFParameters:
  tau: 1.0386883448226896
  acceleration: 2.9619202077925904
  deceleration: 2.974508064545156
  speedFactor: 0.3475563165893751
  SpeedMode: 31
  rmsn: 0.03626735400975832
  rmspe: 0.04233375839804421
  mpe: -0.030576863763260635
SUMOParameters:
  step: 0.1
  delay: 3
