Config:
  leader_file: ${oc.env:ROOT}/data/test.csv
  run_id: 283
  output_path: ${oc.env:ROOT}/sumo-xml/output
  sumo_gui: false
CFParameters:
  tau: 1.0386883448226896
  acceleration: 2.795760988538599
  deceleration: 6.952583236092045
  speedFactor: 1.0091880922704812
  SpeedMode: 31
  rmsn: 0.002915960679536772
  rmspe: 0.006756609029877982
  mpe: 0.004035394360045436
SUMOParameters:
  step: 0.1
  delay: 3
