Config:
  leader_file: ${oc.env:ROOT}/data/test.csv
  run_id: 291
  output_path: ${oc.env:ROOT}/sumo-xml/output
  sumo_gui: false
CFParameters:
  tau: 1.0386883448226896
  acceleration: 2.490516240989323
  deceleration: 3.855375678122599
  speedFactor: 0.3475563165893751
  SpeedMode: 31
  rmsn: 0.013488659501984282
  rmspe: 0.016331239304602962
  mpe: -0.012433766056813785
SUMOParameters:
  step: 0.1
  delay: 3
