Config:
  leader_file: ${oc.env:ROOT}/data/test.csv
  run_id: 295
  output_path: ${oc.env:ROOT}/sumo-xml/output
  sumo_gui: false
CFParameters:
  tau: 1.0386883448226896
  acceleration: 3.5265043375778427
  deceleration: 5.715103094122727
  speedFactor: 1.3001897087446683
  SpeedMode: 31
  rmsn: 0.005260304417483518
  rmspe: 0.01963197680484582
  mpe: 0.009218489126350107
SUMOParameters:
  step: 0.1
  delay: 3
