Config:
  leader_file: ${oc.env:ROOT}/data/test.csv
  run_id: 304
  output_path: ${oc.env:ROOT}/sumo-xml/output
  sumo_gui: false
CFParameters:
  tau: 1.0386883448226896
  acceleration: 2.795760988538599
  deceleration: 5.715103094122727
  speedFactor: 1.4635230274625355
  SpeedMode: 31
  rmsn: 0.0019074704946732749
  rmspe: 0.005635171838679351
  mpe: 0.002839327044853323
SUMOParameters:
  step: 0.1
  delay: 3
