Config:
  leader_file: ${oc.env:ROOT}/data/test.csv
  run_id: 314
  output_path: ${oc.env:ROOT}/sumo-xml/output
  sumo_gui: false
CFParameters:
  tau: 1.8238172425698365
  acceleration: 3.50361498158085
  deceleration: 6.952583236092045
  speedFactor: 1.082599319267757
  SpeedMode: 31
  rmsn: 0.032744182285065294
  rmspe: 0.03812804954981911
  mpe: -0.02668670029555399
SUMOParameters:
  step: 0.1
  delay: 3
