Config:
  leader_file: ${oc.env:ROOT}/data/test.csv
  run_id: 320
  output_path: ${oc.env:ROOT}/sumo-xml/output
  sumo_gui: false
CFParameters:
  tau: 1.0386883448226896
  acceleration: 4.575065676037726
  deceleration: 5.715103094122727
  speedFactor: 1.3001897087446683
  SpeedMode: 31
  rmsn: 0.00779278141979576
  rmspe: 0.032923859747589566
  mpe: 0.014865011858134694
SUMOParameters:
  step: 0.1
  delay: 3
