Config:
  leader_file: ${oc.env:ROOT}/data/test.csv
  run_id: 340
  output_path: ${oc.env:ROOT}/sumo-xml/output
  sumo_gui: false
CFParameters:
  tau: 1.0386883448226896
  acceleration: 2.490516240989323
  deceleration: 6.952583236092045
  speedFactor: 1.3001897087446683
  SpeedMode: 31
  rmsn: 0.001639522679764887
  rmspe: 0.0030651847141024056
  mpe: -5.200812812944298e-05
SUMOParameters:
  step: 0.1
  delay: 3
