Config:
  leader_file: ${oc.env:ROOT}/data/test.csv
  run_id: 342
  output_path: ${oc.env:ROOT}/sumo-xml/output
  sumo_gui: false
CFParameters:
  tau: 0.7438661268012037
  acceleration: 2.490516240989323
  deceleration: 5.715103094122727
  speedFactor: 1.3001897087446683
  SpeedMode: 31
  rmsn: 0.012045070334584487
  rmspe: 0.013228844302134812
  mpe: 0.00870003337595035
SUMOParameters:
  step: 0.1
  delay: 3
