Config:
  leader_file: ${oc.env:ROOT}/data/test.csv
  run_id: 343
  output_path: ${oc.env:ROOT}/sumo-xml/output
  sumo_gui: false
CFParameters:
  tau: 1.0386883448226896
  acceleration: 4.7047527730351275
  deceleration: 5.715103094122727
  speedFactor: 1.3001897087446683
  SpeedMode: 31
  rmsn: 0.008010803763969744
  rmspe: 0.03422808181451908
  mpe: 0.015400185831651127
SUMOParameters:
  step: 0.1
  delay: 3
