Config:
  leader_file: ${oc.env:ROOT}/data/test.csv
  run_id: 345
  output_path: ${oc.env:ROOT}/sumo-xml/output
  sumo_gui: false
CFParameters:
  tau: 1.6833676299695333
  acceleration: 4.9511092265531165
  deceleration: 5.715103094122727
  speedFactor: 1.3001897087446683
  SpeedMode: 31
  rmsn: 0.027182873283054118
  rmspe: 0.03427065671509607
  mpe: -0.017517648158181125
SUMOParameters:
  step: 0.1
  delay: 3
