Config:
  leader_file: ${oc.env:ROOT}/data/test.csv
  run_id: 349
  output_path: ${oc.env:ROOT}/sumo-xml/output
  sumo_gui: false
CFParameters:
  tau: 1.68257711476501
  acceleration: 2.490516240989323
  deceleration: 6.952583236092045
  speedFactor: 1.392130526273764
  SpeedMode: 31
  rmsn: 0.026732216141262748
  rmspe: 0.03114335225846665
  mpe: -0.02482557085129186
SUMOParameters:
  step: 0.1
  delay: 3
