Config:
  leader_file: ${oc.env:ROOT}/data/test.csv
  run_id: 378
  output_path: ${oc.env:ROOT}/sumo-xml/output
  sumo_gui: false
CFParameters:
  tau: 1.987737741438434
  acceleration: 2.490516240989323
  deceleration: 5.715103094122727
  speedFactor: 1.3001897087446683
  SpeedMode: 31
  rmsn: 0.04073245403698536
  rmspe: 0.04738430334532424
  mpe: -0.03827206403199281
SUMOParameters:
  step: 0.1
  delay: 3
