Config:
  leader_file: ${oc.env:ROOT}/data/test.csv
  run_id: 383
  output_path: ${oc.env:ROOT}/sumo-xml/output
  sumo_gui: false
CFParameters:
  tau: 1.0386883448226896
  acceleration: 3.516658329393323
  deceleration: 5.2906720991437055
  speedFactor: 1.3001897087446683
  SpeedMode: 31
  rmsn: 0.00490923724282579
  rmspe: 0.01894094065478445
  mpe: 0.008551489467893539
SUMOParameters:
  step: 0.1
  delay: 3
