Config:
  leader_file: ${oc.env:ROOT}/data/test.csv
  run_id: 384
  output_path: ${oc.env:ROOT}/sumo-xml/output
  sumo_gui: false
CFParameters:
  tau: 1.0386883448226896
  acceleration: 2.490516240989323
  deceleration: 5.720276351042771
  speedFactor: 1.3001897087446683
  SpeedMode: 31
  rmsn: 0.0009289743326207434
  rmspe: 0.002856625684977001
  mpe: -0.0012129946883071877
SUMOParameters:
  step: 0.1
  delay: 3
