Config:
  leader_file: ${oc.env:ROOT}/data/test.csv
  run_id: 388
  output_path: ${oc.env:ROOT}/sumo-xml/output
  sumo_gui: false
CFParameters:
  tau: 1.0386883448226896
  acceleration: 1.9304897703327781
  deceleration: 5.715103094122727
  speedFactor: 0.7615383863469475
  SpeedMode: 31
  rmsn: 0.0513694327007044
  rmspe: 0.0643274427430046
  mpe: -0.04676944958990316
SUMOParameters:
  step: 0.1
  delay: 3
