Config:
  leader_file: ${oc.env:ROOT}/data/test.csv
  run_id: 392
  output_path: ${oc.env:ROOT}/sumo-xml/output
  sumo_gui: false
CFParameters:
  tau: 1.0386883448226896
  acceleration: 2.490516240989323
  deceleration: 5.521048225973964
  speedFactor: 1.3001897087446683
  SpeedMode: 31
  rmsn: 0.0009632658036291762
  rmspe: 0.0029298276070515447
  mpe: -0.001441259176004705
SUMOParameters:
  step: 0.1
  delay: 3
