Config:
  leader_file: ${oc.env:ROOT}/data/test.csv
  run_id: 396
  output_path: ${oc.env:ROOT}/sumo-xml/output
  sumo_gui: false
CFParameters:
  tau: 0.5482642742760957
  acceleration: 2.490516240989323
  deceleration: 5.098448339141188
  speedFactor: 1.3001897087446683
  SpeedMode: 31
  rmsn: 0.01881210575869201
  rmspe: 0.02019243107102779
  mpe: 0.01397943906534368
SUMOParameters:
  step: 0.1
  delay: 3
