Config:
  leader_file: ${oc.env:ROOT}/data/test.csv
  run_id: 399
  output_path: ${oc.env:ROOT}/sumo-xml/output
  sumo_gui: false
CFParameters:
  tau: 1.0386883448226896
  acceleration: 2.490516240989323
  deceleration: 2.914921335013195
  speedFactor: 1.3001897087446683
  SpeedMode: 31
  rmsn: 0.038707921422633226
  rmspe: 0.045911186592545714
  mpe: -0.034993014619854164
SUMOParameters:
  step: 0.1
  delay: 3
