Config:
  leader_file: ${oc.env:ROOT}/data/test.csv
  run_id: 444
  output_path: ${oc.env:ROOT}/sumo-xml/output
  sumo_gui: false
CFParameters:
  tau: 1.0386883448226896
  acceleration: 4.0732409533812906
  deceleration: 5.715103094122727
  speedFactor: 1.3001897087446683
  SpeedMode: 31
  rmsn: 0.006793161749715699
  rmspe: 0.027292852244048874
  mpe: 0.012518085504907305
SUMOParameters:
  step: 0.1
  delay: 3
