Config:
  leader_file: ${oc.env:ROOT}/data/test.csv
  run_id: 448
  output_path: ${oc.env:ROOT}/sumo-xml/output
  sumo_gui: false
CFParameters:
  tau: 1.0386883448226896
  acceleration: 2.490516240989323
  deceleration: 5.271909298198649
  speedFactor: 1.3001897087446683
  SpeedMode: 31
  rmsn: 0.0011142813679844675
  rmspe: 0.0030801458548037697
  mpe: -0.0017448965030050743
SUMOParameters:
  step: 0.1
  delay: 3
