Config:
  leader_file: ${oc.env:ROOT}/data/test.csv
  run_id: 449
  output_path: ${oc.env:ROOT}/sumo-xml/output
  sumo_gui: false
CFParameters:
  tau: 1.7981738842223416
  acceleration: 2.83334277441977
  deceleration: 5.715103094122727
  speedFactor: 1.3001897087446683
  SpeedMode: 31
  rmsn: 0.03220681291944907
  rmspe: 0.03664981562948711
  mpe: -0.02818554200242185
SUMOParameters:
  step: 0.1
  delay: 3
