Config:
  leader_file: ${oc.env:ROOT}/data/test.csv
  run_id: 463
  output_path: ${oc.env:ROOT}/sumo-xml/output
  sumo_gui: false
CFParameters:
  tau: 1.0386883448226896
  acceleration: 2.379998369969005
  deceleration: 5.464692750115114
  speedFactor: 1.3001897087446683
  SpeedMode: 31
  rmsn: 0.0020372154687169795
  rmspe: 0.006307435476845825
  mpe: -0.0032058629865730002
SUMOParameters:
  step: 0.1
  delay: 3
