Config:
  leader_file: ${oc.env:ROOT}/data/test.csv
  run_id: 476
  output_path: ${oc.env:ROOT}/sumo-xml/output
  sumo_gui: false
CFParameters:
  tau: 0.5288025628017727
  acceleration: 2.490516240989323
  deceleration: 5.715103094122727
  speedFactor: 1.119621360888114
  SpeedMode: 31
  rmsn: 0.020686270625036866
  rmspe: 0.022478405308054696
  mpe: 0.015545045268371227
SUMOParameters:
  step: 0.1
  delay: 3
