Config:
  leader_file: ${oc.env:ROOT}/data/test.csv
  run_id: 483
  output_path: ${oc.env:ROOT}/sumo-xml/output
  sumo_gui: false
CFParameters:
  tau: 1.0386883448226896
  acceleration: 3.5247181603843494
  deceleration: 5.715103094122727
  speedFactor: 1.3001897087446683
  SpeedMode: 31
  rmsn: 0.0052534621060099105
  rmspe: 0.019599057975874815
  mpe: 0.009206319523095205
SUMOParameters:
  step: 0.1
  delay: 3
