Config:
  leader_file: ${oc.env:ROOT}/data/test.csv
  run_id: 495
  output_path: ${oc.env:ROOT}/sumo-xml/output
  sumo_gui: false
CFParameters:
  tau: 1.0386883448226896
  acceleration: 2.037739637606626
  deceleration: 5.715103094122727
  speedFactor: 1.3001897087446683
  SpeedMode: 31
  rmsn: 0.006319714176120952
  rmspe: 0.018233450404524794
  mpe: -0.009331249557948614
SUMOParameters:
  step: 0.1
  delay: 3
