Config:
  leader_file: ${oc.env:ROOT}/data/test.csv
  run_id: 496
  output_path: ${oc.env:ROOT}/sumo-xml/output
  sumo_gui: false
CFParameters:
  tau: 1.0386883448226896
  acceleration: 2.490516240989323
  deceleration: 2.576460011099198
  speedFactor: 1.3001897087446683
  SpeedMode: 31
  rmsn: 0.05167278322074732
  rmspe: 0.06111794231736218
  mpe: -0.04718340517288211
SUMOParameters:
  step: 0.1
  delay: 3
