Config:
  leader_file: ${oc.env:ROOT}/data/test.csv
  run_id: 521
  output_path: ${oc.env:ROOT}/sumo-xml/output
  sumo_gui: false
CFParameters:
  tau: 1.0386883448226896
  acceleration: 2.6588065353445876
  deceleration: 5.715103094122727
  speedFactor: 1.3001897087446683
  SpeedMode: 31
  rmsn: 0.0009850253997020953
  rmspe: 0.0021931492656221967
  mpe: 0.0011422895265563024
SUMOParameters:
  step: 0.1
  delay: 3
