Config:
  leader_file: ${oc.env:ROOT}/data/test.csv
  run_id: 530
  output_path: ${oc.env:ROOT}/sumo-xml/output
  sumo_gui: false
CFParameters:
  tau: 1.0386883448226896
  acceleration: 2.490516240989323
  deceleration: 2.9150900197069873
  speedFactor: 1.3001897087446683
  SpeedMode: 31
  rmsn: 0.03870095135125352
  rmspe: 0.04590431191230538
  mpe: -0.03498776309315581
SUMOParameters:
  step: 0.1
  delay: 3
