Config:
  leader_file: ${oc.env:ROOT}/data/test.csv
  run_id: 540
  output_path: ${oc.env:ROOT}/sumo-xml/output
  sumo_gui: false
CFParameters:
  tau: 0.133777583820909
  acceleration: 2.490516240989323
  deceleration: 5.715103094122727
  speedFactor: 1.3001897087446683
  SpeedMode: 31
  rmsn: 0.03604445753716387
  rmspe: 0.038670382544133075
  mpe: 0.02717544255188708
SUMOParameters:
  step: 0.1
  delay: 3
