Config:
  leader_file: ${oc.env:ROOT}/data/test.csv
  run_id: 541
  output_path: ${oc.env:ROOT}/sumo-xml/output
  sumo_gui: false
CFParameters:
  tau: 1.0386883448226896
  acceleration: 2.6603638660818283
  deceleration: 3.4678236877816206
  speedFactor: 1.3001897087446683
  SpeedMode: 31
  rmsn: 0.02207217136842336
  rmspe: 0.025830369528428803
  mpe: -0.018791400831952722
SUMOParameters:
  step: 0.1
  delay: 3
