Config:
  leader_file: ${oc.env:ROOT}/data/test.csv
  run_id: 543
  output_path: ${oc.env:ROOT}/sumo-xml/output
  sumo_gui: false
CFParameters:
  tau: 1.0386883448226896
  acceleration: 2.490516240989323
  deceleration: 5.715103094122727
  speedFactor: 0.7670987532989415
  SpeedMode: 31
  rmsn: 0.0432813434711256
  rmspe: 0.05231082097289623
  mpe: -0.035912886013536295
SUMOParameters:
  step: 0.1
  delay: 3
