Config:
  leader_file: ${oc.env:ROOT}/data/test.csv
  run_id: 544
  output_path: ${oc.env:ROOT}/sumo-xml/output
  sumo_gui: false
CFParameters:
  tau: 1.0386883448226896
  acceleration: 2.651999643542572
  deceleration: 3.1239423269998645
  speedFactor: 1.3001897087446683
  SpeedMode: 31
  rmsn: 0.03171273483572482
  rmspe: 0.037274862916180825
  mpe: -0.02767141260773643
SUMOParameters:
  step: 0.1
  delay: 3
