Config:
  leader_file: ${oc.env:ROOT}/data/test.csv
  run_id: 565
  output_path: ${oc.env:ROOT}/sumo-xml/output
  sumo_gui: false
CFParameters:
  tau: 1.0386883448226896
  acceleration: 3.3011088982426315
  deceleration: 5.098448339141188
  speedFactor: 1.3001897087446683
  SpeedMode: 31
  rmsn: 0.0039889512336286105
  rmspe: 0.015162801212827034
  mpe: 0.006690299646322016
SUMOParameters:
  step: 0.1
  delay: 3
