Config:
  leader_file: ${oc.env:ROOT}/data/test.csv
  run_id: 56
  output_path: ${oc.env:ROOT}/sumo-xml/output
  sumo_gui: false
CFParameters:
  tau: 1.2368412535955147
  acceleration: 2.2568085107439937
  deceleration: 6.952583236092045
  speedFactor: 1.4742428979671252
  SpeedMode: 31
  rmsn: 0.00847519360871215
  rmspe: 0.013827696930649301
  mpe: -0.010527374379116576
SUMOParameters:
  step: 0.1
  delay: 3
