Config:
  leader_file: ${oc.env:ROOT}/data/test.csv
  run_id: 577
  output_path: ${oc.env:ROOT}/sumo-xml/output
  sumo_gui: false
CFParameters:
  tau: 1.0386883448226896
  acceleration: 2.651999643542572
  deceleration: 6.38473964104309
  speedFactor: 1.3001897087446683
  SpeedMode: 31
  rmsn: 0.0015823269284575162
  rmspe: 0.002781933206595868
  mpe: 0.001741187692931302
SUMOParameters:
  step: 0.1
  delay: 3
