Config:
  leader_file: ${oc.env:ROOT}/data/test.csv
  run_id: 57
  output_path: ${oc.env:ROOT}/sumo-xml/output
  sumo_gui: false
CFParameters:
  tau: 1.2060184567706806
  acceleration: 4.7657714415325945
  deceleration: 5.101672512454476
  speedFactor: 1.3321430011816104
  SpeedMode: 31
  rmsn: 0.008575070588451854
  rmspe: 0.029645724381636703
  mpe: 0.006516976838569917
SUMOParameters:
  step: 0.1
  delay: 3
