Config:
  leader_file: ${oc.env:ROOT}/data/test.csv
  run_id: 58
  output_path: ${oc.env:ROOT}/sumo-xml/output
  sumo_gui: false
CFParameters:
  tau: 0.1642258441654751
  acceleration: 3.9354793753489523
  deceleration: 3.1352146494143796
  speedFactor: 1.3197303629820818
  SpeedMode: 31
  rmsn: 0.009248986440723816
  rmspe: 0.025142503093365937
  mpe: 0.015001855617795205
SUMOParameters:
  step: 0.1
  delay: 3
