Config:
  leader_file: ${oc.env:ROOT}/data/test.csv
  run_id: 594
  output_path: ${oc.env:ROOT}/sumo-xml/output
  sumo_gui: false
CFParameters:
  tau: 0.983986476169156
  acceleration: 2.651999643542572
  deceleration: 5.098448339141188
  speedFactor: 1.3001897087446683
  SpeedMode: 31
  rmsn: 0.0019566108496673097
  rmspe: 0.0029111900545443358
  mpe: 0.0022170529974759067
SUMOParameters:
  step: 0.1
  delay: 3
