Config:
  leader_file: ${oc.env:ROOT}/data/test.csv
  run_id: 597
  output_path: ${oc.env:ROOT}/sumo-xml/output
  sumo_gui: false
CFParameters:
  tau: 1.0386883448226896
  acceleration: 2.6603638660818283
  deceleration: 3.6162247855822707
  speedFactor: 1.3001897087446683
  SpeedMode: 31
  rmsn: 0.018422020657978874
  rmspe: 0.021499970956600573
  mpe: -0.015498001673599764
SUMOParameters:
  step: 0.1
  delay: 3
