Config:
  leader_file: ${oc.env:ROOT}/data/test.csv
  run_id: 598
  output_path: ${oc.env:ROOT}/sumo-xml/output
  sumo_gui: false
CFParameters:
  tau: 0.23417624123110078
  acceleration: 2.0123727153026816
  deceleration: 5.715103094122727
  speedFactor: 1.3001897087446683
  SpeedMode: 31
  rmsn: 0.028281044974682493
  rmspe: 0.03212144850237096
  mpe: 0.01059956160843556
SUMOParameters:
  step: 0.1
  delay: 3
