Config:
  leader_file: ${oc.env:ROOT}/data/test.csv
  run_id: 60
  output_path: ${oc.env:ROOT}/sumo-xml/output
  sumo_gui: false
CFParameters:
  tau: 1.2060184567706806
  acceleration: 3.111055675518725
  deceleration: 4.021926549358041
  speedFactor: 1.3321430011816104
  SpeedMode: 31
  rmsn: 0.01605052701105786
  rmspe: 0.0190287312540473
  mpe: -0.010596005703563489
SUMOParameters:
  step: 0.1
  delay: 3
