Config:
  leader_file: ${oc.env:ROOT}/data/test.csv
  run_id: 616
  output_path: ${oc.env:ROOT}/sumo-xml/output
  sumo_gui: false
CFParameters:
  tau: 1.5516182157482084
  acceleration: 2.651999643542572
  deceleration: 5.098448339141188
  speedFactor: 1.3001897087446683
  SpeedMode: 31
  rmsn: 0.022072648032325226
  rmspe: 0.024742286988657252
  mpe: -0.019248293811990645
SUMOParameters:
  step: 0.1
  delay: 3
