Config:
  leader_file: ${oc.env:ROOT}/data/test.csv
  run_id: 62
  output_path: ${oc.env:ROOT}/sumo-xml/output
  sumo_gui: false
CFParameters:
  tau: 0.5784878793993927
  acceleration: 2.9619202077925904
  deceleration: 3.1352146494143796
  speedFactor: 1.3197303629820818
  SpeedMode: 31
  rmsn: 0.01300965048940918
  rmspe: 0.016189194262955304
  mpe: -0.007683164408194344
SUMOParameters:
  step: 0.1
  delay: 3
