Config:
  leader_file: ${oc.env:ROOT}/data/test.csv
  run_id: 632
  output_path: ${oc.env:ROOT}/sumo-xml/output
  sumo_gui: false
CFParameters:
  tau: 1.0386883448226896
  acceleration: 2.651999643542572
  deceleration: 5.098448339141188
  speedFactor: 1.3215728291515958
  SpeedMode: 31
  rmsn: 0.0007170801059111089
  rmspe: 0.0015361206328964342
  mpe: 0.00028820476555196543
SUMOParameters:
  step: 0.1
  delay: 3
