Config:
  leader_file: ${oc.env:ROOT}/data/test.csv
  run_id: 635
  output_path: ${oc.env:ROOT}/sumo-xml/output
  sumo_gui: false
CFParameters:
  tau: 0.4554151994553808
  acceleration: 3.24373203322261
  deceleration: 5.098448339141188
  speedFactor: 1.3001897087446683
  SpeedMode: 31
  rmsn: 0.026160138161549495
  rmspe: 0.036522636755299404
  mpe: 0.02880830387595101
SUMOParameters:
  step: 0.1
  delay: 3
