Config:
  leader_file: ${oc.env:ROOT}/data/test.csv
  run_id: 637
  output_path: ${oc.env:ROOT}/sumo-xml/output
  sumo_gui: false
CFParameters:
  tau: 1.4123859327647144
  acceleration: 2.651999643542572
  deceleration: 5.098448339141188
  speedFactor: 1.3001897087446683
  SpeedMode: 31
  rmsn: 0.016123886582249468
  rmspe: 0.017882360889315396
  mpe: -0.013707260726335024
SUMOParameters:
  step: 0.1
  delay: 3
