Config:
  leader_file: ${oc.env:ROOT}/data/test.csv
  run_id: 641
  output_path: ${oc.env:ROOT}/sumo-xml/output
  sumo_gui: false
CFParameters:
  tau: 0.31988653444808696
  acceleration: 2.651999643542572
  deceleration: 5.098448339141188
  speedFactor: 1.3001897087446683
  SpeedMode: 31
  rmsn: 0.02872724664729088
  rmspe: 0.03187562283323132
  mpe: 0.024147766686712615
SUMOParameters:
  step: 0.1
  delay: 3
