Config:
  leader_file: ${oc.env:ROOT}/data/test.csv
  run_id: 68
  output_path: ${oc.env:ROOT}/sumo-xml/output
  sumo_gui: false
CFParameters:
  tau: 0.1642258441654751
  acceleration: 3.1189553068555456
  deceleration: 5.098448339141188
  speedFactor: 1.3197303629820818
  SpeedMode: 31
  rmsn: 0.03752153697714048
  rmspe: 0.04697683185187119
  mpe: 0.037215340793606284
SUMOParameters:
  step: 0.1
  delay: 3
