Config:
  leader_file: ${oc.env:ROOT}/data/test.csv
  run_id: 70
  output_path: ${oc.env:ROOT}/sumo-xml/output
  sumo_gui: false
CFParameters:
  tau: 0.7256509690767067
  acceleration: 3.1189553068555456
  deceleration: 4.021926549358041
  speedFactor: 1.0091880922704812
  SpeedMode: 31
  rmsn: 0.005247303082940275
  rmspe: 0.012960926228048062
  mpe: 0.008376719762654776
SUMOParameters:
  step: 0.1
  delay: 3
