Config:
  leader_file: ${oc.env:ROOT}/data/test.csv
  run_id: 71
  output_path: ${oc.env:ROOT}/sumo-xml/output
  sumo_gui: false
CFParameters:
  tau: 0.1642258441654751
  acceleration: 3.9354793753489523
  deceleration: 6.952583236092045
  speedFactor: 1.1483685913558634
  SpeedMode: 31
  rmsn: 0.04403823512022015
  rmspe: 0.06756087076806966
  mpe: 0.05134819699217815
SUMOParameters:
  step: 0.1
  delay: 3
