Config:
  leader_file: ${oc.env:ROOT}/data/test.csv
  run_id: 72
  output_path: ${oc.env:ROOT}/sumo-xml/output
  sumo_gui: false
CFParameters:
  tau: 0.21707855567141238
  acceleration: 4.7657714415325945
  deceleration: 5.101672512454476
  speedFactor: 1.268774245418697
  SpeedMode: 31
  rmsn: 0.0404506910837181
  rmspe: 0.07079226591012115
  mpe: 0.05241406413954543
SUMOParameters:
  step: 0.1
  delay: 3
