Config:
  leader_file: ${oc.env:ROOT}/data/test.csv
  run_id: 80
  output_path: ${oc.env:ROOT}/sumo-xml/output
  sumo_gui: false
CFParameters:
  tau: 0.934969515589278
  acceleration: 4.678660395502465
  deceleration: 4.482289957934573
  speedFactor: 1.030258403751983
  SpeedMode: 31
  rmsn: 0.00906432620008403
  rmspe: 0.03463799733030141
  mpe: 0.017584703193672755
SUMOParameters:
  step: 0.1
  delay: 3
