Config:
  leader_file: ${oc.env:ROOT}/data/test.csv
  run_id: 82
  output_path: ${oc.env:ROOT}/sumo-xml/output
  sumo_gui: false
CFParameters:
  tau: 1.1313205254189795
  acceleration: 4.678660395502465
  deceleration: 6.734478374146333
  speedFactor: 1.3001897087446683
  SpeedMode: 31
  rmsn: 0.0073506555205242845
  rmspe: 0.03244194305233567
  mpe: 0.011960798891073673
SUMOParameters:
  step: 0.1
  delay: 3
