Config:
  leader_file: ${oc.env:ROOT}/data/test.csv
  run_id: 91
  output_path: ${oc.env:ROOT}/sumo-xml/output
  sumo_gui: false
CFParameters:
  tau: 0.5784878793993927
  acceleration: 4.678660395502465
  deceleration: 3.407635880038777
  speedFactor: 1.3829709886766508
  SpeedMode: 31
  rmsn: 0.007096832317573833
  rmspe: 0.028750151131233054
  mpe: 0.009147514484944125
SUMOParameters:
  step: 0.1
  delay: 3
