Config:
  leader_file: ${oc.env:ROOT}/data/test.csv
  run_id: 95
  output_path: ${oc.env:ROOT}/sumo-xml/output
  sumo_gui: false
CFParameters:
  tau: 0.1642258441654751
  acceleration: 3.1189553068555456
  deceleration: 3.1352146494143796
  speedFactor: 1.3001897087446683
  SpeedMode: 31
  rmsn: 0.007572616804193978
  rmspe: 0.012645769212949558
  mpe: 0.008988689864592109
SUMOParameters:
  step: 0.1
  delay: 3
