Config:
  leader_file: ${oc.env:ROOT}/data/test.csv
  run_id: 96
  output_path: ${oc.env:ROOT}/sumo-xml/output
  sumo_gui: false
CFParameters:
  tau: 1.2060184567706806
  acceleration: 4.361446646207194
  deceleration: 6.952583236092045
  speedFactor: 1.4742428979671252
  SpeedMode: 31
  rmsn: 0.007597108850029935
  rmspe: 0.027746652004567607
  mpe: 0.007194881816574267
SUMOParameters:
  step: 0.1
  delay: 3
