Config:
  leader_file: ${oc.env:ROOT}/data/test.csv
  run_id: 98
  output_path: ${oc.env:ROOT}/sumo-xml/output
  sumo_gui: false
CFParameters:
  tau: 1.2368412535955147
  acceleration: 2.2568085107439937
  deceleration: 6.952583236092045
  speedFactor: 0.8825106751274987
  SpeedMode: 31
  rmsn: 0.008973884299923525
  rmspe: 0.014637728168508701
  mpe: -0.011087383087432484
SUMOParameters:
  step: 0.1
  delay: 3
