Config:
  leader_file: ${oc.env:ROOT}/data/test.csv
  run_id: 99
  output_path: ${oc.env:ROOT}/sumo-xml/output
  sumo_gui: false
CFParameters:
  tau: 0.5784878793993927
  acceleration: 4.678660395502465
  deceleration: 4.63304513355301
  speedFactor: 1.4635230274625355
  SpeedMode: 31
  rmsn: 0.023471260786708255
  rmspe: 0.04997896889484543
  mpe: 0.03442109036688658
SUMOParameters:
  step: 0.1
  delay: 3
